100 4
0 -0.7078181468034692 -0.29895973296526007 -1.2084364906320948 0.17905691110719604
1 1.6120798314566684 1.0663599358239912 0.6499890727446633 1.185362480393412
2 2.5464989523414596 2.805855240808356 2.3294567800915282 2.9675781577244726
3 3.60804487060627 2.761191274395629 2.1700050183681263 1.3227191897604282
4 -0.6226781419092979 -0.8743676588136996 -0.7429072628179676 0.341413560978422
5 2.24219498500534 0.8627339034214625 2.820618609236332 0.8331138137662903
6 2.979910644447706 1.8322839390776617 3.0179327128121294 3.1190504939798744
7 3.893092239884734 1.3101901656361028 3.7587697833751568 4.163872691959892
8 1.2059302025812964 0.5695884421115158 -0.04094298384726509 0.8221723680685759
9 1.0632098314159932 -0.8703532704881258 -0.40887533441560353 1.2474084790282283
10 1.4836333942188107 1.266001807274944 1.3286079604334042 2.8840653599399997
11 2.7304998794863433 4.449375823656422 3.2833383113381602 2.582057003859387
12 -0.5088122685965955 0.8722361674337858 -0.38148238409743135 1.3639680718290925
13 -0.37617232700473124 0.8436901753450768 2.203190150484077 1.5815083268463526
14 2.9896126573501522 1.8760876790019938 1.1532423575491455 1.6824038432754236
15 2.7553670419548943 3.164586718273287 2.4755087423095916 2.430616898761297
16 -1.628563368993906 0.6772627223080054 -0.49906097465925686 1.2501243886371234
17 1.4297415665886324 -0.26113602245820955 1.0871657456985695 0.31019739099907884
18 1.0945221150535471 0.9074261490460671 2.9843823229904345 4.140856936615873
19 1.7807345913105304 2.590128713477629 2.8012606912705893 3.1484486677390846
20 0.3398606943307119 -1.6977521736861385 -0.9589698777794177 1.0140599332030542
21 2.304524975872188 0.10985445773033198 0.6331880927701892 3.819794077548664
22 2.70000781135699 2.9209662885220786 3.1165751244906197 3.651736322449384
23 3.7298158599421947 4.2709570167681505 1.7498909528897015 3.1677032883768304
24 -0.9395133056193619 0.2661731838161397 -0.22933516363621034 -1.3389246390636498
25 0.6974025762598861 -0.38361982474167067 1.5341214625977324 0.05923333469895875
26 1.7156500382755078 1.2129674178534202 0.9151330640300532 1.31314698251559
27 3.102776141948856 3.4107365282091826 3.496390175805942 2.3626305441416164
28 -0.8820821908630155 0.6828425959159736 0.17376139134406132 0.42429119966542284
29 -0.43181864811794757 0.38388361168225127 2.5244240694146898 0.3709973805307769
30 1.2984593971554634 2.338103085009146 -0.0745360247729443 2.102424904332363
31 4.023527296489935 2.0890009813883452 3.5400420082579527 2.5106361979897076
32 0.9431564052160293 -1.1376654797804295 -0.07563328896499268 -0.2753737894234459
33 1.2397841482689698 0.9202969088435058 1.3381217088919108 0.3322822896123995
34 2.968758925355117 1.3269210941321679 2.0272599311801525 1.4329470076616917
35 2.9677064941879574 3.4886347840937977 3.227437071671752 2.323391884403624
36 0.17672167773105132 0.2825064619560894 -0.9033303805452063 0.39999111051077546
37 2.9230080612990808 0.5181639677169718 1.4183996838965451 3.3523866302829313
38 2.83302414271448 1.7707304153655197 2.2728429176296907 3.3802032374379274
39 3.3417219692195284 2.956217781569119 5.015327061799518 5.098058326461519
40 -0.21754625034031802 0.2669269043553539 0.904303757755695 1.1155592423337033
41 1.9130116990675752 0.9023791591426982 1.2653509107908105 2.302025495332817
42 3.6442380188455923 0.8811809730239311 1.6129453866525096 2.3281643084287014
43 2.511477024121125 2.729197653353067 1.1877071102640102 5.6653045089547875
44 -0.6667177759139162 -1.0149352979851534 0.7024335308058454 -0.9913753872654822
45 1.4637386770785903 2.9190216261501485 1.3212986209450088 1.6511453591753966
46 1.6450735604674707 2.1762779052676935 2.4267489419375785 3.1598457897979317
47 3.97419320585972 2.798259236890898 3.7235622441166183 2.5862451723976547
48 2.0826932605570487 -0.9087166763301667 -0.2794127078539423 1.1983435121320611
49 0.6577822002193401 1.2505734097902486 1.6689603612521227 1.3308705494902515
50 1.2633307587259952 2.0977725233917206 1.6078597226188345 0.19700151348298078
51 4.065633194478942 3.45064976369557 3.423144546361216 0.7216229394084337
52 1.0827426260529915 -1.680328128469156 -0.5591179910855295 1.1519935066454294
53 0.3349240750639638 2.0451061654934737 1.563113658460344 -1.473392084653565
54 3.307009769213925 0.7351546892431096 3.099878937425995 -0.21335697469798154
55 3.2418879985938607 4.089611653463802 4.219699604176533 3.2852826805752184
56 0.8954511056540221 -0.5434192855694545 -0.4945690107701789 0.19188130767854672
57 0.8719663465411936 1.8464656895135878 -0.012393477641714501 0.8052531964123244
58 2.5545929290095137 2.582668557480046 2.354928528028599 1.0542047236146983
59 1.547160135168246 2.428621312679992 3.5511108255232955 1.0981279991856485
60 0.4331343505658646 -0.3678034214206943 -0.4424358155727848 0.1406837863211249
61 -0.8509548062749368 0.07573077990673405 0.7575562193299119 1.5766707238955426
62 2.1786545034304345 1.8032080635647836 0.9127377784388881 2.06563432433344
63 3.025295780950355 1.6570452715017534 2.726591949633412 4.465475995094024
64 -0.9269267897312404 0.5015674640061819 1.5398065129656158 0.2080956060892345
65 1.1582660465236112 1.5075102849997146 1.1509433766773265 -0.21244043489336728
66 3.294542583532139 2.014810904043085 0.8644841506694168 0.9505568102411441
67 4.435922452726145 2.243392882926324 3.5100941876668466 3.6808174167812124
68 0.9798638480062446 1.0342051394963772 0.22742361664418748 -1.2506643787146123
69 2.473058787578898 0.015158754312010192 0.8673009210351718 0.4852978736291801
70 1.8975915721002918 2.3259396658851497 2.0768107568527427 0.5976038348472188
71 3.4358533731612617 3.6488774015936585 4.989318502076169 3.7402911860331813
72 1.0820982030495245 0.7040730923345191 -0.026864830854576804 -0.5068537819391228
73 1.4416754874207482 0.06964996864386286 0.5414417622721011 1.9648724601279768
74 3.486699659905293 1.1489840314055546 1.2686442333124233 -0.18844092801429602
75 2.954609820545781 4.036857254773608 4.023535767326306 1.787540492337249
76 0.631620173348522 -0.9700485657078577 -0.7856627575032837 1.5650824488163242
77 -0.21529206906076315 2.0654965730854133 0.34771176662748404 0.538476579602496
78 2.9129827236067314 2.183776505035905 1.4975062134559671 2.0307074315692395
79 3.2004343907525072 2.000761332920101 1.6535350330748524 2.2317046887548178
80 -0.158094525568101 -0.5948603203970195 1.648259826704204 0.8195156234078645
81 2.602882091846757 -0.9168799141230877 0.5371622552715991 -0.3823852541819932
82 2.459367125097848 2.9857895592435324 3.6349948121649245 3.4680320481049876
83 4.985217904343454 1.200946631197498 4.456316214366516 2.432672393472329
84 -0.1820315499923688 -1.1007670510276264 -0.9967296941871453 1.1585154823445838
85 1.4402039735930436 0.8163736152832564 -0.03203963648365349 0.3047383372789235
86 2.9135405044525147 2.6033277741937173 1.9237314576697468 3.550301500773476
87 3.1579446156698143 4.067855410285051 3.2599958746660587 1.2414085205455716
88 -0.5488970199006764 -0.2126549880783032 -0.05216883008692368 -2.0616607713907906
89 0.6300326332521766 1.3312752635783476 1.1550109702827833 0.9045501416924948
90 2.6694724304876587 1.8238507476614665 1.2801635513065115 3.0443016563204983
91 4.164201397444985 1.7074727231328943 2.111563148674731 3.7079373703616305
92 -0.3669161962758917 0.020000529645799438 -1.9766288774666918 0.19548997297670231
93 0.06341785002070921 0.909898968592104 1.681218810470442 1.0313161523638374
94 2.631168672983504 3.780481364179984 2.6388249681497506 1.8337945982926875
95 5.019778136005509 4.111024782548453 2.8567555336180486 4.794894995989131
96 1.0457748158257347 -0.2724646639756165 -0.8068457315949304 -0.05763552925694966
97 1.3126713006642605 -0.3113153808174345 0.9644417904648077 1.3757553656995063
98 1.0704138135356236 2.771655171177864 1.5831231612316619 1.547772464985931
99 1.996914637100316 1.6734192865136652 3.4532864968030794 2.4793085622702957