100 5
0 -1.700858712749962 0.04856775572803495 0.19481469607514867 0.15483130902315498 -0.8498784484023201
1 1.2774360012924688 1.3855562136869974 0.433624112287638 0.014496538979227758 0.7297708869977295
2 1.9726507167566742 3.861521267761533 2.215061815025444 2.588966142208295 4.356865851660675
3 -0.9720340116673268 0.5418534196969245 -0.483363621677513 -3.218025318417361 0.44790282001606924
4 1.8344452851099495 1.3250251496708145 0.681033837318415 1.4768247775957408 0.04701052520870286
5 1.2550554300640053 0.19274828719452164 1.8281324454719141 2.8861374627355603 1.119619070558594
6 -0.15517414332100438 -1.1501918740484738 1.5420843012209018 0.2932375616373165 1.022246458653621
7 3.4778635424094104 2.3055151374202163 0.27579522973358206 1.3062031094919266 0.8929936197979335
8 2.529497689464389 3.8894859245078353 1.3625246740480814 1.1571242420907222 2.857155852998452
9 -1.2794955138340407 -1.6058464017034169 0.6712471622475632 -0.1865356726584051 0.4375686322110137
10 2.5492961726014745 -0.3853622199899813 1.0603233257675035 0.5759351164370671 1.6365377288822684
11 0.7369430535772281 3.037208313261589 3.690982865749559 3.4634640954651252 2.7174705968829684
12 0.3689821796196793 0.7907489688707702 2.3854616103180812 -0.25137123852840165 1.622502422272493
13 1.8426176980479017 1.2276004867765227 0.8665387417278001 1.1393652084426191 2.1696797333754914
14 2.0295901312660987 1.3764451484754836 3.5172295522224926 2.259555105907379 2.594953563944513
15 0.1946306842730831 -1.7695845284089975 1.374463211162722 1.8484649484175197 -1.0482664330762068
16 2.1276306650507997 1.907200681504697 0.014073621238108291 -0.71952272009871 -0.47655571025419086
17 2.143474572378469 3.0549796836021006 2.5557463558451956 1.0107598509291726 1.6089032920237272
18 0.8822457133247034 0.7203711609598533 1.2967542978101458 -0.0223591310999345 0.49854071095893576
19 1.5198141864560935 1.616938726148315 1.9533557755626494 1.0035059808821607 2.6087344948106237
20 2.5051561863606273 1.5521822197042017 2.3930163246608718 2.1653039914093997 2.282373639353324
21 -1.2329165643482927 0.8252320740210094 0.3839359099754022 0.5986999035564712 -1.0388083407987796
22 0.5442828545874745 0.3279251614176576 0.6174072838642435 0.6217822103475568 0.5352237903362493
23 4.345110407115358 2.430064451521814 1.5869497836521107 1.5526146445629974 2.7298856978358144
24 0.2606373528317407 -0.6138660223493219 0.0207585935623801 1.5649371348860097 -1.7237734583518902
25 2.8966790864802037 1.1330272692407333 0.6933785804659687 0.33974698235665934 0.3343533797411318
26 1.0009330410557016 1.7027569291977889 1.438336714156271 2.050128139655989 3.4536745794208032
27 0.41879070964916926 0.21313425987801318 -0.38333105629275094 1.9427603549812267 -1.311816073388929
28 -0.30500419656759825 0.8797373304630685 0.41835225035711654 1.8848553924910414 0.043787601023624445
29 2.1747487347852994 2.6611164306063317 2.454473961439991 1.2629758829480273 2.248495050239337
30 -2.234323691689827 -1.6541429111470904 2.467609696525755 -0.9668538250492702 0.30714340297219206
31 0.29485311950384085 1.8110159637858079 0.06984753620966033 0.5967434058989871 0.5050368371599616
32 0.0733201760822304 3.496865622718978 1.5619277930531066 2.8696096672958307 1.5304746523446586
33 0.22877781591626475 -0.156296585850607 1.2889210094563592 0.7223744047138597 -0.24647242780510956
34 0.9742768553486421 1.0867195310785684 1.4561216346998052 0.802955832380601 1.334195679720608
35 1.294243433744604 2.6466743253486325 2.914086593413866 2.0047214690673156 0.661859387127709
36 -1.8788202002514567 -0.8851114448297955 -0.036775488982109805 -1.5953370516534393 0.6503600084055985
37 1.012837486619139 -0.11961548580022163 0.6194534274804568 0.6044177600486027 2.7095613822920313
38 0.7282125245296187 2.431304773645124 2.45803719433903 1.5554898167706253 2.609388186119186
39 1.5284213905848472 -1.3612986468323163 0.6049177144799117 0.41102541968537576 0.4508446420697362
40 0.207325408198341 1.085677002768836 2.545757865001565 2.027300959324246 0.03863929191120785
41 2.7294185337672747 2.3801384583801846 0.6614460234149624 0.6490924020269955 1.6025896951985448
42 -1.3390774756844748 -0.4884270899430402 0.33424106444927043 -1.6450406609262913 -0.7357302642774376
43 0.7119138401104081 2.683946023133506 -1.162775099954127 0.7447158772957618 1.2234567004780954
44 2.0626224318793787 0.8025038241142091 2.1016439815827583 0.31012784276010374 2.0410208070099976
45 -1.2313799447364189 -0.888579450051977 -1.076255079939793 -0.4460962957512132 0.6741420585526453
46 1.3329783133022832 0.21427604419590662 0.6819134378482126 1.147238209952555 2.8043261556107737
47 4.272984919529868 1.9063871856459396 1.2051023230373747 0.4868795270459447 0.9067830158804622
48 2.1532007509306164 1.218443068363615 -0.5459602104390409 0.48311891251513894 1.6701978174014933
49 0.09774958338952544 -0.34446601283818334 1.6973408049771344 2.0411810028407977 2.76222520996739
50 2.9522425892816284 2.071696974190593 0.04494886391032038 1.467110181968962 0.33367430771977036
51 -0.8732194635418411 -2.1961213750148625 -0.4189147018522276 0.7023284858330661 1.114854100513357
52 1.0777597471712899 0.38228464867234047 2.5766192479557155 1.8992885552083698 0.7084674553017007
53 1.3058121169333305 0.5521890058815218 2.387499948282125 0.7064779544667203 2.4991364029713705
54 -0.36794120938012426 0.21315716091370157 0.9212846115047457 -1.223253330330246 -0.5015282919627586
55 1.227828131692237 1.3399559850617202 0.6176450229511168 0.23705615311272266 1.147451235598393
56 1.2581502588955045 1.9016432233965332 1.9311698346419839 3.1951605621517327 4.016020436973354
57 1.1208237386709663 -0.2978324861901451 -0.516256777366931 -0.8450655736410014 -0.9376966135466802
58 1.2151958094255242 -0.45578990905525796 1.5279453846959543 0.7700577721090152 0.4104254443773734
59 1.336770392691561 1.4666907634349737 1.6081479586095417 1.056999027456031 1.7202024881819535
60 -0.8481767890390145 -0.9555653761937233 0.057087619758610514 2.484618610235472 0.4904397018174538
61 0.8729134357734655 -1.0855324741176853 -0.3528763744687866 0.5876472407513709 1.855581719213298
62 0.5576925646033148 2.540304041894915 3.820012021433805 0.3124549714445519 1.412534483172947
63 -1.475710827821321 -0.4698000372758725 -0.6575276100014362 0.9255774504990572 -1.7528162339993274
64 0.7389229214872942 2.3135056769915625 2.0787605293246108 2.0579981340653144 0.8493768233724501
65 1.0435046026940409 2.2423878218891553 3.3607624666627793 1.6484796568218583 1.3938999184392413
66 -0.5100002426199357 0.6797963725954753 1.6108378747078305 -0.831622845778624 -1.6007816922861384
67 1.952681612190224 1.2848126057595688 2.3772255721484554 1.1611782620971585 1.8531664388308613
68 1.9515461877289124 1.0633095953786476 1.6084943308799364 2.3949513449602025 2.953261755552356
69 -1.770153557606568 0.5065274550232198 -0.5437209981487209 -1.2901006886560384 0.9132106437117735
70 1.1657885900318736 0.30186548216901055 0.4411241636329801 0.731015930097739 1.9341220556510539
71 2.355132397493578 -0.5518800758665421 2.697587358106967 0.9516524531713071 3.7540797903060605
72 -0.3519524125411532 0.21105861169012727 -1.0456982515523838 -0.927297493218084 0.2689808472494576
73 2.7810007479974526 0.665794753919134 -1.4053153500268922 1.0274944718620864 -0.7077453903498012
74 1.9804356265005434 2.003958758976525 3.1167998258900624 1.87138247509588 3.538355211898717
75 0.07871548604635992 0.9310163464124631 -0.6817306912489133 -0.10195192096959745 -0.19767462047182838
76 -0.43676430458333826 1.7379565949143307 2.2833870180632676 2.947145834968066 1.65545279208815
77 0.17755608817589752 2.054947264447538 2.1728384609272697 2.1436895771127245 2.9992061003278367
78 -0.45660110034653906 0.37227804858220276 0.646685855317908 -0.18453457857034186 0.6587109129698158
79 1.026281568784526 3.715049347323068 1.5301583493843125 2.767397824362857 2.3420679172199312
80 0.11352770428594505 0.21203307562379914 0.8553342818109722 2.5788441948270586 0.7583564239815255
81 -1.1268569419342327 0.3803748385848669 -0.1707156631812078 1.969970562602007 0.7364314308254528
82 1.145122758727532 -0.6645798709601791 0.4524762467514385 0.546235730199267 -0.5451948189951257
83 0.7934503311358503 2.440362172636528 1.5129381832927096 1.5991221938804734 2.6037477178578055
84 1.7176893746283337 1.2283072058780915 -0.7845707151361754 0.41496754824790955 -2.0589678378759895
85 0.9405137953412569 1.073844026592496 0.43067138257286475 0.8257658248908917 1.629063893855256
86 3.6629688841669785 3.123343796140849 1.6223811318829224 1.1677313682553643 1.4548490381323478
87 -1.6794869090454245 -0.7089174069327141 -0.880531395332109 -1.6610974665000195 0.9124322389743882
88 -0.7851181746529723 0.8882515713110873 -0.24110238671531192 0.37355412275562694 1.1175207141687071
89 1.155502744665291 3.2831599540304066 2.428350006156684 2.2496245760247406 2.313143954527192
90 -0.5259270696170609 0.6335480496471736 0.5043214919582961 -1.488052091157221 1.8555512394837863
91 1.78790905382734 0.8930425096073635 0.9266819084469177 1.1244289116593569 1.0908607235337078
92 1.2680599340024301 3.0965489744870354 2.8441316673624484 1.8969294210554974 4.294408149174934
93 -0.5654727650625763 -0.11713689675434344 -0.844050359795423 -1.8073824394218567 0.00191218114470641
94 1.9917419550477096 -0.9374030391900348 1.5963904480155544 -0.015273286487483384 2.809093140328927
95 0.9117024479948173 1.9229148280646953 1.0793828483901766 1.468485741115368 1.7531852385338027
96 -0.8550021199209636 0.14276865537675612 -0.7056345869264078 2.094907938217215 0.9259676301798493
97 1.7536280660448922 0.12397520089745317 -1.397582095198834 1.2110231574320747 -0.13889386234147727
98 1.6964671380801792 3.06151525955112 2.5022832724235826 1.9615861729659487 1.6728079941632288
99 0.3300218579424338 0.639947127142067 0.8006865693173592 0.27875816116174784 0.6177903578577176